5 7 
8 12 
13 14 
15 16 
17 18 
19 20 
21 23 
24 26 
27 28 
29 30 
31 32 
33 34 
35 36 
37 38 
39 40 
41 42 
43 44 
45 46 
47 48 
49 50 
51 52 
53 54 
56 57 
58 59 
60 61 
62 64 
63 65 
66 69 
68 70 
67 71 
76 77 
78 79 
80 81 
83 84 
82 85 
86 87 
88 89 
92 94 
95 96 
97 73 98 
99 100 
101 102 
103 104 
105 106 
6 108 
110 111 
112 114 
115 116 
107 121 
122 123 
124 125 
126 119 127 
118 128 
129 130 
131 132 
133 4 134 135 
136 2 137 
139 140 
141 142 
143 11 144 
146 147 
22 148 
149 150 
25 151 
152 153 
154 155 
156 157 
158 159 
160 161 
162 163 
164 165 
166 167 
168 169 
170 171 
172 173 
117 174 
91 175 
176 145 177 
178 55 179 
180 181 
10 182 
183 9 184 
185 186 
187 188 
189 190 
191 192 
75 193 
194 90 195 
120 196 
113 197 
109 198 
138 199 
74 200 
3 201 
93 203 
204 72 205 
202 
